{"100000": [{"cam_R_m2c": [-0.36988598108291626, -0.6490667462348938, -0.6647531390190125, 0.8354560136795044, 0.08064185082912445, -0.5436083674430847, 0.40644505620002747, -0.7564451098442078, 0.5124382972717285], "cam_t_m2c": [-0.10439523309469223, -0.13298769295215607, 1.7886137962341309], "obj_id": 2}, {"cam_R_m2c": [0.6006805300712585, -0.0686209499835968, -0.7965388298034668, -0.500273585319519, 0.7448905110359192, -0.44143441319465637, 0.6236259341239929, 0.6636483669281006, 0.41311198472976685], "cam_t_m2c": [0.009614349342882633, -0.28721681237220764, 1.892095923423767], "obj_id": 3}, {"cam_R_m2c": [-0.03332408890128136, 0.6208672523498535, 0.7832071185112, 0.635379433631897, -0.5917404294013977, 0.49612128734588623, 0.7714806795120239, 0.5141664743423462, -0.3747670650482178], "cam_t_m2c": [-0.046453747898340225, -0.19666455686092377, 1.8891152143478394], "obj_id": 4}, {"cam_R_m2c": [-0.34207820892333984, -0.8118346333503723, -0.4731881320476532, 0.03877824917435646, -0.5153350234031677, 0.8561110496520996, -0.9388711452484131, 0.2745073735713959, 0.20776638388633728], "cam_t_m2c": [0.17020726203918457, -0.38379403948783875, 2.0135817527770996], "obj_id": 5}, {"cam_R_m2c": [0.6152564883232117, -0.6682448387145996, -0.4182203412055969, 0.3087203800678253, 0.6923853754997253, -0.6521459221839905, 0.7253627777099609, 0.2721238434314728, 0.6322954297065735], "cam_t_m2c": [0.28802621364593506, -0.31049594283103943, 1.9814423322677612], "obj_id": 6}, {"cam_R_m2c": [0.10393708944320679, 0.994580090045929, 0.002759195864200592, -0.7174933552742004, 0.07305873930454254, 0.6927235126495361, 0.6887674927711487, -0.07397938519716263, 0.7211979627609253], "cam_t_m2c": [-0.15820994973182678, 0.16780835390090942, 1.5511327981948853], "obj_id": 7}, {"cam_R_m2c": [-0.6345866322517395, 0.7714928388595581, -0.045812081545591354, -0.5872745513916016, -0.44282808899879456, 0.6775042414665222, 0.5024027824401855, 0.456839382648468, 0.7340907454490662], "cam_t_m2c": [0.21451765298843384, 0.018098406493663788, 1.6901202201843262], "obj_id": 8}, {"cam_R_m2c": [-0.2615615725517273, 0.9492694735527039, -0.17456574738025665, 0.6657341718673706, 0.046482544392347336, -0.7447397708892822, -0.6988443732261658, -0.3110097050666809, -0.6441189646720886], "cam_t_m2c": [0.0035451992880553007, -0.012814130634069443, 1.7098631858825684], "obj_id": 9}, {"cam_R_m2c": [0.08657904714345932, -0.9828320741653442, 0.16292712092399597, -0.7175092697143555, 0.05194126069545746, 0.6946097016334534, -0.6911471486091614, -0.17704036831855774, -0.70069420337677], "cam_t_m2c": [0.32886964082717896, 0.06140871345996857, 1.6072372198104858], "obj_id": 10}, {"cam_R_m2c": [-0.9768911600112915, 0.2057749330997467, -0.05779596418142319, 0.1852271854877472, 0.6801175475120544, -0.7093173861503601, -0.1066516786813736, -0.7036313414573669, -0.7025157809257507], "cam_t_m2c": [0.04878734424710274, 0.020560799166560173, 1.6895314455032349], "obj_id": 11}, {"cam_R_m2c": [0.6259332299232483, 0.2000301331281662, 0.7537873983383179, -0.25256961584091187, -0.862461507320404, 0.4385986030101776, 0.7378454804420471, -0.46491721272468567, -0.48932188749313354], "cam_t_m2c": [0.15863417088985443, -0.28883814811706543, 1.9207667112350464], "obj_id": 19}, {"cam_R_m2c": [-0.5692837238311768, 0.7415413856506348, -0.3550103008747101, -0.4245622456073761, -0.6349411606788635, -0.6454427242279053, -0.7040332555770874, -0.21671581268310547, 0.6762922406196594], "cam_t_m2c": [-0.4035937786102295, 0.02423074282705784, 1.6489304304122925], "obj_id": 21}, {"cam_R_m2c": [-0.3002657890319824, 0.9296659231185913, -0.21345190703868866, -0.9377765655517578, -0.3286328613758087, -0.11214045435190201, -0.17440034449100494, 0.1664983034133911, 0.9704961180686951], "cam_t_m2c": [-0.13871699571609497, -0.3773427903652191, 1.9827766418457031], "obj_id": 24}, {"cam_R_m2c": [-0.10696055740118027, 0.08348950743675232, 0.9907518029212952, 0.7591722011566162, 0.6503230333328247, 0.027157561853528023, -0.6420413851737976, 0.7550557255744934, -0.13294176757335663], "cam_t_m2c": [0.1643190085887909, -0.11429771780967712, 1.782248854637146], "obj_id": 25}, {"cam_R_m2c": [0.49763646721839905, -0.8212394118309021, 0.2791481912136078, -0.5119012594223022, -0.5378684997558594, -0.6698166728019714, 0.7002248764038086, 0.1904289573431015, -0.688056468963623], "cam_t_m2c": [0.05861635133624077, -0.04471131041646004, 1.679853081703186], "obj_id": 35}, {"cam_R_m2c": [0.8612349629402161, 0.505108118057251, -0.05603555589914322, 0.32449576258659363, -0.6314135789871216, -0.7042863965034485, -0.3911225199699402, 0.5883728861808777, -0.7077009081840515], "cam_t_m2c": [-0.22722671926021576, -0.3415865898132324, 1.910343050956726], "obj_id": 36}, {"cam_R_m2c": [0.09097184985876083, 0.3370494842529297, -0.9370815753936768, 0.3962912857532501, -0.8755208253860474, -0.27643534541130066, -0.9136068224906921, -0.3462093770503998, -0.2132176011800766], "cam_t_m2c": [0.2510868310928345, -0.14889362454414368, 1.7595640420913696], "obj_id": 37}, {"cam_R_m2c": [-0.10836859047412872, -0.9783324599266052, 0.17641322314739227, 0.9825037717819214, -0.1324419379234314, -0.13093988597393036, 0.1514672040939331, 0.15913699567317963, 0.9755679965019226], "cam_t_m2c": [-0.4208475649356842, -0.21934710443019867, 1.927791953086853], "obj_id": 40}, {"cam_R_m2c": [-0.9160066246986389, 0.3523734509944916, 0.19174185395240784, 0.1326792687177658, 0.7171770334243774, -0.6841443181037903, -0.37858709692955017, -0.6012405157089233, -0.7036914229393005], "cam_t_m2c": [-0.3213556408882141, -0.2594699561595917, 1.9540445804595947], "obj_id": 51}, {"cam_R_m2c": [-0.10691320151090622, 0.9938243627548218, 0.029709478840231895, 0.9256752133369446, 0.11039915680885315, -0.3618525266647339, -0.3628979027271271, -0.01118552964180708, -0.9317617416381836], "cam_t_m2c": [0.06003742292523384, -0.13069672882556915, 1.7958449125289917], "obj_id": 52}, {"cam_R_m2c": [0.0022450026590377092, 0.9510161876678467, 0.3091329336166382, -0.6941356658935547, 0.22400960326194763, -0.6841018795967102, -0.7198405861854553, -0.21304446458816528, 0.6606371402740479], "cam_t_m2c": [0.16520141065120697, 0.09275651723146439, 1.6093443632125854], "obj_id": 61}], "100001": [{"cam_R_m2c": [-0.16252638399600983, -0.28862032294273376, 0.943548321723938, 0.1858401745557785, -0.9481025338172913, -0.2580025792121887, 0.9690453410148621, 0.13341684639453888, 0.20772892236709595], "cam_t_m2c": [0.049308210611343384, -0.24544034898281097, 1.748236060142517], "obj_id": 2}, {"cam_R_m2c": [0.5045366287231445, -0.052557554095983505, 0.8617891669273376, 0.7337022423744202, 0.552240252494812, -0.3958686292171478, -0.45510876178741455, 0.8320267796516418, 0.31718701124191284], "cam_t_m2c": [0.17544019222259521, -0.1289982795715332, 1.6139779090881348], "obj_id": 3}, {"cam_R_m2c": [0.07618414610624313, 0.4887421131134033, -0.8690957427024841, 0.6248239874839783, 0.6558637022972107, 0.42360132932662964, 0.7770400643348694, -0.5753034353256226, -0.2554113566875458], "cam_t_m2c": [0.13398945331573486, -0.15139636397361755, 1.7095414400100708], "obj_id": 4}, {"cam_R_m2c": [-0.49305835366249084, 0.8291361331939697, -0.2634899318218231, -0.8573035597801208, -0.514591634273529, -0.015051119960844517, -0.14806920289993286, 0.21846957504749298, 0.9645448327064514], "cam_t_m2c": [0.25658681988716125, 0.04541832581162453, 1.5005310773849487], "obj_id": 5}, {"cam_R_m2c": [0.020055806264281273, -0.038474615663290024, 0.9990583658218384, 0.9885839223861694, -0.14848747849464417, -0.025563932955265045, 0.14933137595653534, 0.9881656169891357, 0.03505731001496315], "cam_t_m2c": [0.14215362071990967, 0.12485818564891815, 1.4708455801010132], "obj_id": 6}, {"cam_R_m2c": [0.8805709481239319, -0.4738466739654541, -0.008022180758416653, 0.37240907549858093, 0.681397557258606, 0.6300865411758423, -0.293098121881485, -0.5578232407569885, 0.7764837741851807], "cam_t_m2c": [-0.2833683490753174, -0.37505465745925903, 1.8975616693496704], "obj_id": 7}, {"cam_R_m2c": [0.9550542235374451, 0.2950247526168823, 0.02884814329445362, -0.25253239274024963, 0.7587906122207642, 0.6003870368003845, 0.1552392691373825, -0.5806871056556702, 0.7991893887519836], "cam_t_m2c": [-0.23595422506332397, -0.048372555524110794, 1.6298171281814575], "obj_id": 8}, {"cam_R_m2c": [-0.7923344373703003, -0.5894787311553955, 0.15722915530204773, -0.5036012530326843, 0.4864749610424042, -0.7139524817466736, 0.3443717360496521, -0.6448699235916138, -0.6823129057884216], "cam_t_m2c": [-0.12250730395317078, -0.19361358880996704, 1.7388561964035034], "obj_id": 9}, {"cam_R_m2c": [0.009854752570390701, 0.22579486668109894, -0.9741251468658447, -0.5515089631080627, -0.8113799691200256, -0.19365106523036957, -0.8341109156608582, 0.5391469597816467, 0.11653202772140503], "cam_t_m2c": [-0.36118143796920776, -0.011508344672620296, 1.560672402381897], "obj_id": 10}, {"cam_R_m2c": [0.17872485518455505, -0.9825267195701599, 0.05195225030183792, -0.7314237952232361, -0.16799454391002655, -0.6609064340591431, 0.6580857634544373, 0.08012130856513977, -0.7486680150032043], "cam_t_m2c": [-0.17504286766052246, -0.16724136471748352, 1.7279647588729858], "obj_id": 11}, {"cam_R_m2c": [0.4011126160621643, 0.20800556242465973, -0.8921000957489014, 0.8815420269966125, -0.3523592948913574, 0.31420809030532837, -0.24898271262645721, -0.9124565124511719, -0.32470136880874634], "cam_t_m2c": [0.13816386461257935, -0.003397428197786212, 1.53738534450531], "obj_id": 19}, {"cam_R_m2c": [0.6333205699920654, -0.026374971494078636, 0.7734400629997253, -0.5362557172775269, 0.7056244015693665, 0.4631676971912384, -0.5579741597175598, -0.7080952525138855, 0.4327426254749298], "cam_t_m2c": [0.3499886393547058, -0.1953694224357605, 1.6729322671890259], "obj_id": 24}, {"cam_R_m2c": [-0.8777226209640503, 0.011336663737893105, -0.4790351390838623, -0.3345872461795807, 0.7011383771896362, 0.6296480298042297, 0.3430081307888031, 0.7129351496696472, -0.6116117835044861], "cam_t_m2c": [-0.0693492442369461, -0.052573204040527344, 1.6022230386734009], "obj_id": 25}, {"cam_R_m2c": [0.60018390417099, 0.7943946123123169, -0.09336205571889877, 0.7077484726905823, -0.5818164944648743, -0.4007265865802765, -0.37265458703041077, 0.17443275451660156, -0.9114285111427307], "cam_t_m2c": [-0.1410674899816513, -0.18087366223335266, 1.6721922159194946], "obj_id": 35}, {"cam_R_m2c": [-0.7937984466552734, 0.6065430045127869, 0.04460643604397774, 0.4312383234500885, 0.6130547523498535, -0.6619649529457092, -0.4288563132286072, -0.5062306523323059, -0.7482064962387085], "cam_t_m2c": [0.31352367997169495, -0.29894325137138367, 1.720909833908081], "obj_id": 36}, {"cam_R_m2c": [-0.8816995024681091, 0.2402162104845047, 0.40608155727386475, -0.4513055682182312, -0.17841187119483948, -0.8743528723716736, -0.137583926320076, -0.9541832804679871, 0.26571643352508545], "cam_t_m2c": [-0.09347646683454514, -0.012822732329368591, 1.5180925130844116], "obj_id": 37}, {"cam_R_m2c": [-0.5227669477462769, 0.5617218613624573, 0.6412357687950134, 0.23744501173496246, -0.6264901757240295, 0.74238121509552, 0.818739652633667, 0.5403504967689514, 0.19413037598133087], "cam_t_m2c": [0.31600716710090637, -0.3996897339820862, 1.9272593259811401], "obj_id": 40}, {"cam_R_m2c": [0.018022898584604263, -0.9980068802833557, -0.060479648411273956, -0.8788269758224487, 0.013033609837293625, -0.47696298360824585, 0.4768005311489105, 0.06174742430448532, -0.8768402934074402], "cam_t_m2c": [0.3218752443790436, -0.3196883797645569, 1.8513444662094116], "obj_id": 51}, {"cam_R_m2c": [-0.8121539354324341, -0.4587287902832031, -0.3605189323425293, -0.11370225995779037, 0.7305105924606323, -0.673369288444519, 0.5722567439079285, -0.5058876872062683, -0.6454455852508545], "cam_t_m2c": [-0.010081694461405277, -0.12207488715648651, 1.6568609476089478], "obj_id": 52}, {"cam_R_m2c": [0.00793357565999031, -0.6471525430679321, 0.7623193264007568, -0.6259055733680725, 0.5913249850273132, 0.5085047483444214, -0.7798586487770081, -0.48117417097091675, -0.40036502480506897], "cam_t_m2c": [-0.3187495172023773, -0.12078796327114105, 1.679128885269165], "obj_id": 61}]}